257049723
1216612424129757189
1228809379211689984
2468435725
1050534932
1136052774989287424
1234652762
1152078195920818176
485220882
3354099863
979104732957388800
790738554284609536
1091858585737457664
1134849851181506561
4018315042
826485182148595712
3150404869
803360033241255936
1204286040879575041
1122514354069549060
1009173755908763654
1243403974838870017
1075892164415111173
1196907889585201152
1221503672078651393
1242465752449499136
1243907429638774786
1129126875744342038
1126764967787499525
1243354464477761537
1217908186465865733
1132432282416029701
1243916639306907648
1064322507505844225
1182464459828355073
1232897794383413248
1243774558248853504
1032055005174480899
1186840003986513921
1144476771284205568
1243903188182458372
1207354278735753217
1183384762188218372
1236157419262263296
1014622082255196160
1071975110226206722
1124800126202077185
1243344654067793920
1206657831216267265
1220968367944806402
1071515567079723008
1243684187942592513
1015226272740511745
1132399089046437888
1220230699011264512
1160418892008873984
1141113736062803968
1196381045224038400
1195473153318739970
1243806061842309120
1243806995313983489
1069583306063310848
1178016994387513344
1058441251593338881
1131963178252943367
1243785075583524864
1243352061585973249
1178864717932027904
1242161147446546436
1180298062650122240
1049780393552072705
1181646668665704449
1043972925353865217
1227695401798684675
1243774764839104520
1242569657229479952
1010353495214567424
1243766337698172928
1125181886417068037
1243767215217926144
1067362931606720512
1243727555200458752
1135735743366615040
1243759428404273154
1138804060625285125
1089344722286624768
1241411060973940741
1110970370507575299
1210384640420265984
1123738806992220161
1238874537158213633
1151912104439504897
1243615502620131330
1150511992576380929
1243330599038988289
1243719238227054592
1243736730865369094
1237806367592898560
1243541812096184320
1077679746580955138
1218704229159899136
1223745965452136448
1243622283652071426
1243719439863988227
1230995285830250497
1236955854471073792
1210707183140257792
1243716821515108352
1243600615814676486
1242095538180423681
1243668581457498116
1224934889730035712
1243410667035480071
1022168133522599936
1036387640214478849
1243625058767118338
1220517054236807168
1243311795516948483
1219994857181192192
1212959457077948416
1113052676160438272
1243674924037763072
1139211770642489344
1243671573321658370
1223088314158284801
1105547546435305472
1243642362657673216
1073731238920404992
1220467231013756933
1243020938968469511
1059569079730741248
1103705282411147264
1243613772327067648
1090321843918172161
1051359422860034048
1133818297378648064
1048715584773541888
1122615405036605447
1129771119588859904
1157885203131588608
1207394350088564736
1243432739929559040
1125067774521413632
1074914366015881216
1208290996351643648
1118220268600737794
1147234092125216768
1003282948383178752
1243580506316439552
1243584528603545603
1054821798678880257
1235656495871725568
1242526556901302273
1232125534110437376
1219996587868479488
1082996209462194176
1232999322280701952
1038531614861664261
1213154888764416001
1236414830636077056
1228877985899581440
1012851826142703616
1224040685017423875
1205667459619004416
1128052716469661696
1243420863585607680
1071874250359930886
1238679895993135104
1055604896735539200
1031860626711343104
1150996919679881216
1080781097842151424
1189770508448911362
1221482757290889216
1233855225066291201
1173419971885453313
1024492387069042688
1119631815596228610
1168204644935319553
1170812117143838720
1221698867093286913
1164000007143534592
1135231675938615296
1217645356881793024
1131019226884583425
1065451516146929664
1244006965426061313
1211905732779499520
1140015047898304512
1095504932550135809
1206695670708465664
1162017384108089347
1100233611217944582
1244021780509003780
1243978107964534784
1244018316345303040
1108572044969562112
1244018950083506176
1097211157453172736
1180981308421484545
1197347090944462849
1033782490786279424
1135571324192075776
1073708115848298496
1190812609764675584
1184186919170826241
1232708795404439554
1070419562565435392
1223078529413386240
1107806689254756352
1233976062184390659
1212861130151841792
1204834940069851136
1172853885175762945
1111449127286652928
1148265428747034624
1184616452394905602
1109425362377809920
1118303278075346944
1187434499107373056
1095653039158034432
1211497910455562240
1180123671911944192
1214100578852200448
1158533123707195392
1120813177602826241
1008408444930527233
1108926951140413441
1225942480778153984
1082394612105445376
1196529242797821952
1058474014090424323
1243984652773265408
1203749418677260289
1107683923482402816
1045531909495885824
1227394474466254848
1064348283370393600
1034313108066656256
1171488430192123904
1200417204883210240
1237986983366057985
1071122587722371072
1010997676404551681
1224203754506944513
1235036855432814593
1176860945269874690
1243724067061915648
1054578213974872065
1243999973194305536
1238627574668038145
1062407109264990209
1118324067650740224
1072349940901396480
1157481269657329664
1226281927528849410
1087728027608498177
1243423281580888071
1092141139333996544
1213324107195961345
1241434934373482496
1243985332342788098
1173447088799174656
1148381619897679872
1038416564377346049
1209340494700011522
1142312172539797505
1054794031698333696
1147700847180177409
1216048427735191552
1198660673527590912
1243053218269212677
1139378613990486016
1160392945008357377
1188651344355385345
1233454511462715392
1168682693942546432
1240801566732554241
1177845251559559169
1227633405552136192
1212975667295375360
1099906449302585344
1132101631900835840
1243695176176017408
1233835540383858688
1177288249389322245
1148412757768843265
1006977827315462144
1234494384357486592
1212883816404025344
1241963593513525250
1170170660301234177
1077983678259757057
1187045286415388674
1018946034762952704
1224515137190662147
1243190154115919878
1243733369835446274
1043733875762122752
1152968959135797249
1242283785040719872
1074699746655244289
1243537786558439425
1238113843328495627
1205131114379202560
1243949286162907137
1240005949462478850
1243548259030913025
1242871379051061250
1104812755431890950
1243653842174083077
1227055205952262144
1214349302589464576
1040065254200369153
1243770845425799174
1180285608306057217
1152650340627636224
1231069895124824064
1238805587711930368
1243922262211911680
1243680801180581899
1243026433712193536
1244591552086900738
1164148100421890048
1155525775464026114
1081701716280651776
1244325964286504962
1042960057057521664
1238869312699609088
1133109777381384193
1041202199894941696
1213306996947968000
1139931003009548290
1244546368124923904
1153926584027570176
1068371289646223360
1101681558426144768
1242987249958076416
1052298390497845248
1167191492949172224
1105334041484644352
1165021546420887552
1237197653785665537
1051997679688056833
1149089840262201344
1243273847253667840
1228137890921754624
1232368181194502148
1179807420023017472
1128689997752807425
1244694522820526080
1031740116870606848
1224085256321609728
1123582531314638848
1220547615827337216
1170345676879712258
1101080843097964545
1161728162595688448
1185286492291239936
1239623606327484419
1229096208339259395
1027340493489954817
1244695609669488641
1219758980689514497
1207463452446461952
1138232653637984256
1241962711824699392
1241221750282747906
1236358488353275904
1243294046484926464
1233474096983351299
1244673862647898113
1187421861472325638
1104459235880890368
1128738324720517120
1233821475586662401
1042022091602763776
1227750803466747904
1244666198316507137
1240854131767685121
1244477434046619653
1080560241002102784
1244660827820564480
1134273753716789248
1241108492666036224
1243998437747671040
1046741486111469568
1241845283375452160
1244398053806792704
1185674880890613766
1244643166999007232
1244627268917395458
1222942549767348224
1241407834132287492
1090677036136316930
1112777880432410625
1241962804703363072
1112705225737932800
1158223392442605569
1232408242359324674
1224235040156110849
1030237083141660673
1222682257921626113
1244540867609837574
1109853972117024769
1242347143307898881
1219745178690387968
1244537320856064000
1244534916022403072
1244530509427990529
1196498994458976256
1147577513872363520
1165111412558925825
1244515147365974016
1244124986622783489
1213577742043635713
1226187911172886533
1198652780971511808
1243897567882215425
1244366441337344000
1234772637886361602
1146632365760008194
1243625184092983297
1155843259270385665
1237129094501982208
1216735616169279493
1160031521161601027
1231699873403211776
1191393175975411712
1244491413104078848
1093492397386985472
1244114217462116355
1243652675629199360
1044770118700593157
1086320532621004801
1047195120477466624
1203334740591435777
1156683463178817536
1047959250520170496
1170451078523031555
1144907253872496648
1226165364666617858
1171088715281764352
1138887368461705216
1150165124482764800
1049296558880149505
1243964852256886787
1120721495951577091
1074316944629747712
1217584122123759623
1243407832919101440
1030310747983806464
1137783113826951168
1244049890533093377
1038940737864441856
1242821421161762816
1190101870817267713
1244425751669194752
1196475887287451656
1154795145684049920
1179512706820431872
1127243553149603840
1243040964723253249
1243798965205839873
1244393470359461888
1193988746020098050
1244420466007212032
1244417341783511040
1178297319713849345
1208499503608844289
1244133481174745088
1089760837093543936
1142475340239056896
1187144446984572929
1243326404420386818
1147553597787463680
1243963537019547648
1242539194196656129
1201384990375895040
1198784547292426243
1205662932287180800
1058169641523122177
1092199008506908672
1190760069719363584
1160930854698475520
1226669287487741952
1080689382586306560
1223506200291168256
1244154055557087232
1244356460965961731
1080275823926657026
1243903173976371201
1244366401260879880
1244150606694096897
1033402187836272640
1223780659338018817
1227407058355486725
1041726148068220928
1054074879161626626
1244342044627103744
1244302181177733120
1235079043814436864
1204139139077169153
1034867117441671168
1235652000047681537
1072930725375209474
1026881765594546176
1244350570003140609
1208261947126353925
1243651679226146821
1174755529492762626
1082712106405904385
1188880132230074368
1140319424592957440
1244302250220142593
1243910073237139456
1191342032280788993
1244342297455722496
1231103754885267456
1175529726997344256
1183578255539998720
1004090034121781253
1175825369468932096
1244332869167779841
1244082017484050434
1243623068733448194
1226319923229679616
1195777188789981184
1244317922723586049
1141014550550142976
1243244779456081932
1023623148829331456
1224845797285646336
1235643819040935937
1020120427337854976
1238528858808176641
1154020344014888966
1081352215594455041
1048276248189964290
1051844113572786176
1051509710141251585
1244089931938631680
1215835226657570817
1243614445965901824
1204882639083184128
1203070263862185984
1219964457704722433
1244296350877040640
1007048927974252549
1083817490784940032
1126883237807239168
1176371578147225600
1243231193858015235
1228385150884597761
1021534379997384705
1135704117840678912
1107567962079272960
1240705670665646081
1092142313445515264
1196433970772230145
1241149774797168640
1243468846675214337
1168533575806922757
1215125107355590657
1062727882940825600
1013994596798525440
1222364701046247425
1227595609663774722
1230220602704908288
1044579438346682370
1072662700910612480
1244206535263367168
1060421679179055104
1242705381647925248
1072937566134026245
1212591871081369600
1088591957595688960
1225655254026346496
1052577577653690369
1237233484634165248
1244146956429131782
1225467107153936385
1213621133645246464
1241131108621844482
1192998466672381952
1241958258568499201
1229414197785554944
1231990610703331328
1244093838052012037
1241421784316076033
1061407626594942976
1071247924716290048
1002271813014052864
1244132871427829762
1232835085038211077
1153430548179820548
1244126602285453312
1214042978651533312
1188084472593420289
1243744200455327744
1242533119716139008
1204532034498170881
1188352412181905408
1242349044535570432
1243765863469244416
1117648420808867840
1243079255355019264
1244135540963803137
1085617683201224704
1244121895978643456
1088120953513697281
1206800529654976512
1239398193168859138
1244127536285655041
1208772847583277056
1238159245578813442
1244124738621976576
1213319101084340224
1243742271167770624
1244122700869767169
1092296475181305856
1234634176386740224
1233225024254939136
1181703565053759488
1244114104618450950
1231663594300944384
1201962639066324993
1134546262701817858
1198089155370196993
1084973337036627968
1243768846504337413
1161716737605283840
1223116048200650752
1068497690940465154
1156091290964176897
1004169076816695297
1243416751875821570
1221900535911067648
1229470785611411457
1180366158173745152
1241825296355078150
1244090891020701697
1238270317254053888
1114320083852115968
1240474175980163080
1038419126493036544
1199512298865537026
1207935747074002944
1237224060150521856
1244073154772971523
1137479375316824064
1213935670990782464
1124086659677659136
1235027882252087296
1243916998586884096
1227385846959046656
1196497817117843456
1243347835329941505
1240376765773762572
1096535049191780352
1005159796809617408
1243885225823711232
1243441113547116544
1243842565843148801
1239781271552884738
1192645404510294016
1041730565223968773
1139943275249504256
1243817909488672768
1223294855868272641
1233588127844925441
1244090044153020418
1245494627043606528
1245515864796954624
1198044974127824897
1064674384491761664
1245026427277324293
1245499434705784836
1234930625666260992
1168613432712523776
1146503703437836288
1245494117200736263
1245485865360654336
1143714308725051397
1047885207758618624
1245486904730140673
1245439998175752193
1151613667345125377
1213265435170201600
1207905270954893312
1011687785777041408
1186107651807240192
1204036822063554560
1245468188432728064
1237795204205289472
1245478079734169600
1245477556947746822
1151299941643558912
1239964899935215616
1242951008738856965
1245437683662495744
1227799833467138049
1180517014902837249
1181420771954102272
1151470416575258627
1217275040456114181
1120004559731081219
1221148974297636865
1238633337276772352
1242871216979030017
1199876635970936833
1243332128261234688
1149148695964913664
1138545539816050688
1245446037587673088
1245449398823211009
1026081328230486016
1244895574433947648
1072027462182338561
1245042172413513730
1245444069976915968
1245443010633928704
1138242381189398529
1245438500255784968
1245441584310738944
1245441306907860998
1233121316955459584
1185236844625252353
1245439271009304576
1225977026068217859
1155883731237986304
1129442031510671360
1245434103425458176
1073641912328966144
1245429203836833794
1186736442711662593
1142496970961031168
1242865027322970113
1245415151412494336
1078080771196370944
1214738756433055744
1241170869046718465
1199553933678649344
1228912090724872192
1044022063193903110
1245078138310270981
1245402684917788674
1245133396415676416
1155320852021465088
1226130090557308931
1148743534272364544
1079939956909445120
1224898421242331136
1206413009867943936
1245378326421700608
1112921176592904192
1054407290881740801
1236163273529139201
1192941209930665984
1211154279106367488
1064862409444270081
1230214326797115392
1092148610115035137
1072691927907221504
1203744092657770496
1243362656926470150
1136425477990703105
1240496048772132864
1245374357947506693
1179839364895035393
1132746269158518785
1083783892878843904
1031699441789624321
1021796059339784192
1082400318229569536
1227805724190760960
1091779072957378560
1217270930239631360
1133093304030179329
1168699024565854214
1244994908852715521
1181694294664634368
1245339022731489281
1092149809534910464
1059178513675235328
1093583376882241537
1220749960628645888
1184174883460108288
1197349084589363200
1119343449013198849
1183476323244826624
1241488819091841024
1064196501008760833
1200270063481368576
1188078604745355264
1024673375900381184
1109256105899769858
1197203934303203331
1154659820387151872
1003775386625499136
1038444522362073089
1230727230973603842
1225923925982486528
1232352073645248512
1245294682395029506
1083194486220644352
1245290707230896129
1107501947236610048
1156894832880750592
1097188891247955968
1028768294294233088
1042997961821569025
1245276446634979328
1056811721363480576
1225490934936330243
1017252262920454144
1179912790330548224
1134242295463763968
1018352937779777538
1082171358291869698
1244939847523086336
1089705327757586434
1071731824077008896
1024062911818465280
1167941046732541952
1242088083912359938
1083903089042702336
1245249681262882816
1171643165583040513
1037858072943886337
1134794346090369025
1164312379406147585
1165095576087797760
1059255001623740416
1123223457351647233
1051673895886053378
1137156045384667137
1196190946796412929
1215809175479078919
1150928094372466688
1178811922084515841
1012863683280691200
1055495347559108608
1144441196359667712
1009912730013323265
1077643084148756483
1245235348252299271
1074734057303523331
1219148274944200706
1025413847476301824
1202107643420172288
1213571933125496832
1115415089719521281
1119031875790622720
1217191019093143563
1086819251967717378
1062145999056056325
1057729009344266240
1223091453527822337
1245220114926010371
1181377674054426624
1243626922225041409
1244470520193703937
1222888304191864834
1245205101993738240
1191529389453926401
1245214502792179712
1245208798425473027
1210553636301881346
1134327504834109440
1071928003876278272
1148378875585581060
1238919763990122496
1245193209610997760
1088954566865907713
1245199180550848512
1079985663968202752
1071607176974745600
1093962119878529024
1105961900725149700
1040674273311027201
1235583274283659264
1084555506411360256
1187770450845294592
1030668894736932865
1182309122018070530
1242696969505533953
1204427343709843456
1063487928712736768
1024455867943604224
1229529035396538368
1054078193030889474
1214790659518976001
1014204848110268416
1214023580142292992
1245131449780576256
1146851058783834112
1101050961995403264
1070013246919168002
1172568063864135682
1195256238101204994
1245175896836911106
1215089877559185408
1166073355935604737
1116314243433992192
1184232010870595585
1200560339638730753
1102378624165072898
1083050301177896966
1183789685979660289
1076180895764221952
1245864576832372737
1079490171203129344
1150086446818242560
1194853479333928962
1244840170328899584
1238239157144731649
1076298809469210625
1192658057018445825
1108787849913122817
1245851626382004224
1195058667231612928
1200509939380359168
1061791735108591616
1004512181529075713
1001530683247022080
1221838505447428096
1242926259492933632
1090108781260926977
1244385344918827008
1245523318356291584
1094026090916601857
1092931417892376577
1230679072960843776
1245841511729815552
1126002767468875776
1131859078240710656
1238071239748526081
1173479822145785856
1207568880476004355
1189030007156416512
1154852000158236672
1135739757596688384
1242896308169572363
1242298363329953793
1229842257999749121
1178400780107288577
1216399615412654081
1243329853111353346
1099871433721810944
1229082469862866944
1199496377090355202
1094337557935128576
1215674884199714816
1127774767489146881
1245481862966976513
1245159360948506629
1017715920943439874
1086176835656921088
1094058898464616448
1143733660543324160
1104887432925741057
1210677151948779521
1228836969175711745
1122635374113763329
1180155177275396103
1177356661335502848
1245806194897367044
1221130034087329793
1219098954480209920
1039603869779746816
1245734403646644227
1145377271739506688
1158521245056421888
1245804872160759808
1185598906379522049
1185353749562384387
1244295506915995653
1245802692267606017
1065252303647723520
1080898949781827584
1141890823140888577
1024124457105977344
1240780062892478467
1174891553439080448
1154544347351638016
1013401968184844289
1237797796637323264
1181816097105948672
1063165077711392768
1138952164318044161
1245507523832164353
1162453393798942720
1133899122048679937
1085386227245830145
1224602302721347585
1010666614554062848
1120182025934258177
1066450879275040768
1211013547443929088
1182804860422496256
1244710740931592200
1245596643551936512
1241429777485115396
1161919988271407105
1164262724748087297
1109934235585048576
1200500439717961730
1212245923142623232
1121144157999980549
1218271954639249408
1106517738984476673
1241506360573005832
1188234233514516484
1210416142717730816
1200390369420234752
1245434176721104897
1245777870003359744
1087829083747164166
1176983175182110720
1215707736861814784
1245771418744147973
1190864485508100096
1245759187575025669
1210846648483471360
1245382852562296832
1245762736904118272
1047534224348270592
1243621241984110592
1233114175087529984
1079807875063648257
1245749227067752448
1225537588594987008
1165696698766843905
1238910535200116738
1245737801292951552
1245459788064055296
1093546863574335488
1121208802869678080
1228382612470816770
1239021601917526017
1245706240048500738
1056655914424586240
1234215862476865541
1220788474216960000
1245295581880365058
1245639210851119104
1237828350955094016
1239303720136998914
1207153250924924929
1245625127452045312
1245389425896493056
1061739381051015168
1047948364543750144
1228932640314707968
1232892602803818496
1245611155747303424
1234928388856479749
1175565128932253696
1202330448082481154
1021225564382945280
1141391016341233664
1223115162950881280
1162874183186935808
1245596994153803776
1241053594033500160
1232814408763658240
1245468548346056707
1083195631517216770
1189375530421948416
1245563705930190851
1245579353578033153
1245578011656650753
1212590624794234882
1225062554361311233
1160779898966958080
1242917454789181445
1242972843391975427
1242667889435512832
1245562978528829442
1245561909950255104
1144444130317230085
1245557475526373376
1245553002095751168
1240620221800632320
1110596985587937280
1245534444854837253
1182145717927731200
1200987083147554816
1163262083217133568
1245529366274150402
1131353563257548802
1024752904056528901
1179077511814221824
1147600209284911109
1234128916970950656
1243699639842267137
1105950770107744256
1186723355854065667
1112513223264268288
1243615976391835650
1238622568288051201
1174515162705010688
1242245714803150848
1064420643788283906
1138003141163663360
1209931222832623616
1162957289579536384
1080996843331510276
1246378266098839555
1246373572584648704
1244624733091647489
1246376332885450752
1246319709559107584
1245755241154347008
1243817644966510592
1246274430126284800
1244773329359306754
1246352465844453376
1245851520685559808
1178554593279647744
1045797668579102721
1226908688599977984
1230915134324867072
1230365576519913473
1246228107750789120
1245575861442465794
1050879992450682880
1217238586816442370
1101536076525645824
1246265478730874880
1227418686929145856
1246311705807859713
1157078525096185861
1244715692596826113
1246300516600000513
1246180293058465800
1246301699322580992
1161698421293682688
1232427337850945540
1235763252862349313
1001242957901647872
1246255133702402049
1209602162424070144
1246286507125739522
1246279453233250305
1206121464920981505
1246108562851577856
1245552382194241537
1125272550022483969
1231440302474440704
1246252866538438658
1245910511260221446
1245330248666882054
1245598244471619597
1246270327111536641
1223655945282228228
1207284085799956481
1211270894997229568
1246263854562238465
1164703451336650761
1245432932518461445
1162799065660317697
1246212843990478850
1003489202376503296
1189005724808077318
1246259222456586240
1246254703652024320
1246183537964965889
1246048261473013761
1235272405393776641
1175901438561726464
1166569711578075136
1117481579654332418
1246236506819362823
1241584770707943424
1101347027189989376
1230685811273801734
1029124059915800578
1245393296006004736
1224188311842914304
1159841075823042560
1239964422497374209
1213527460198797313
1245584867380740108
1246225235097116672
1219045104968749056
1246210641314144256
1044636152165273600
1227801321673236480
1214976609440161793
1246188260138811393
1106317204222607360
1246218926201200640
1131649832492371974
1245892341040324608
1123746964930203654
1065777167211081728
1170298385540288512
1246211153782431746
1246178508205961217
1191210491143708674
1146723425228079109
1150101191612698629
1079114405953130497
1156275157062885376
1201291329055141888
1241940465303371776
1086361741980721152
1190434121987825669
1200967079546851329
1218566361603026944
1207149016263335943
1246162187149860864
1245864351757668353
1235325143578300419
1246148659072376834
1245010852341784576
1021322479178899458
1246145938818838528
1245424688765046784
1230179849001672708
1088984940841263104
1246095844211855360
1010962695263281153
1241257499606597633
1174706358991630337
1209119655689965569
1159973198349426690
1029056195175174146
1164037751991410688
1096113602099068929
1193012390079737856
1009828589406126080
1197596891002875904
1003095206416322560
1241069663829753856
1043885968120516608
1146235506616930304
1245208977664851969
1246006797162426371
1222365395841097728
1152583003337629698
1199726257463840768
1158732217952219136
1146221732644044800
1244007865116917760
1136051312859238400
1246086812445159435
1194704315044311040
1075908566526148608
1245813704710598657
1247066982677184512
1243969036909776896
1166326129352945664
1213003699691241473
1106743656030064641
1244347280502767616
1247019796157300736
1224118364861345795
1228881010852581377
1234196831783047170
1199865295927726083
1047689144611340288
1246915033059254272
1090049524364701696
1022497009641705473
1128342057817399296
1246656710342840320
1246940692640927744
1080464712796643328
1239342269720903686
1246978936816402432
1014330205194813445
1025147275813814272
1028842921418739713
1246957873470504960
1216382736442761216
1246942610868113409
1224527079485648896
1246746278932942850
1243283143773294592
1246909564785700865
1129970822444179461
1049428240912314374
1119642281085165568
1124071839146422273
1107344748837253122
1246611733017395203
1233487066471845890
1153175368913657862
1246870345082114054
1072732473656860673
1240837072618958852
1217518142756474881
1246793605081153536
1237146538184519683
1089067486711070721
1218416165699100672
1218177523269472256
1124855791532609536
1102812263872892928
1246658882312814592
1246667703814729728
1246509347640934407
1097028375879786501
1245400675229417474
1193553089724334080
1238427895476994048
1246606154609750018
1228043712237916160
1164684212760395777
1201688751560429568
1245706666512994304
1246565796354174984
1178730672690778113
1246541653109768192
1246538087414579200
1245817150847287296
1161079818089140225
1246511407438475264
1021140092365127680
1246495310530195464
1219692419794579456
1245933335240679430
1178611452929888256
1044760833803407361
1246488547403747328
1246451062510419968
1237349756348895232
1245882281518141440
1244831171260768256
1246375873688682496
1194741758221017090
1246343215088795648
1178761643490197508
1224569661108510720
1205255347629383687
1214680102224699392
1191821544495992837
1224803948688760834
1246292284477337600
1246282551062401025
1083592628107538432
1246146046088052736
1154042868107030529
1245978097834475527
1195858216409796608
1090742009189597185
1244450217350610947
1136080149227741184
1216394128034074624
1056615443203538950
1237480814193135621
1244491300948389889
1232934352083996672
1246002131221352450
1238940225407197185
1244142856522141696
1244874224189177856
1044736955957891073
1106633428064264192
1245960129289338880
1213347193173639168
1245591324092334087
1240083778841849856
1245954288507068416
1057620084401815552
1245936208905211904
1245935639931092992
1245522866176765954
1245881719397416960
1137222069618388993
1194776966714548225
1245915027669827586
1186372121846517761
1240641378645762061
1169748015873179648
1245881733645512704
1220206390171656192
1134891542827679744
1146873911398883331
1136453334645297152
1114726249996406784
1245850334448287744
1178507434706505729
1238053181566988288
1103855307971801088
1074069722755411968
1245783807443206150
1023804936423800832
1118989802433581074
1093955537350414337
1127356497103589376
1214708854480613376
1025048976490414080
1052516130076680192
1202066548191584257
1037444923082108930
1118731593374322689
1242194324646838272
1245723334584815616
1067805890970091520
1017397814958141440
1245485620824342529
1043513876095094785
1009070546909368321
1044597889178259456
1224834870196817920
1026152897682268160
1176301356266795009
1073872718599217152
1180669795773104129
1001410103470362624
1034049369346138112
1015173421188239360
1045404948895322112
1170480337752707072
1003088151412342784
1130502664461197313
1230700877922463745
1053764236088881152
1194029179442008064
1239763022069014529
1145932721052684289
1203787646029287424
1245566886177386496
1003311625091284992
1183553409850466304
1170150573078962177
1111287259796590592
1208064460432302083
1045043419377217538
1035641393782444032
1128790890582032384
1127001040400846858
1183076274518089729
1001402384315232256
1038225372297527297
1044297901890064386
1005661520351649792
1210722031517552640
1242080153871712263
1236717055744839682
1060257816362000384
1245481188367704064
1245415938758815744
1245435146121048064
1220489462603534336
1068855438085623808
1115466065629335552
1245274065897762816
1203820529146322945
1234264259766304768
1208604023177306113
1224154166962085889
1245106141702631426
1237212303893856256
1245170690900340736
1066533063042179072
1243283168884449280
1245019261871050754
1245162279924047873
1219280730892767232
1245040577227390977
1054874397394300929
1245067703095898112
1241497671921274881
1232507756281827329
1245065207921197057
1245079766841073665
1237610347260870656
1039564224148721664
1243662292581060614
1223006974415134726
1109105195458461699
1231931398413484037
1175794091399032833
1226800038535401473
1217610055937417218
1220373756541095943
1149912377174953984
1240987916253437952
1244839254045442049
1218183152050503681
1244688333562884102
1072970781498339328
1243419921033256960
1081366351317487619
1223669657510522880
1205274437001592832
1237953551495766016
1218293296033927168
1244756493292965888
1148895366240190464
1168871475241267200
1065589653762392064
1243619368606588928
1244494309686235139
1088240223761457152
1112248160787857408
1012946301300899840
1239406804163006464
1204955447637270529
1183793981022527488
1238593390406766594
1185946237146746880
1036029175012974594
1242698060020568065
1067429122798833664
1227352301842681867
1016913970878386177
1244487633943871488
1064358412434198528
1237586987021983750
1043659372042366976
1228066739314974744
1227438025208188930
1023741575019614208
1078465559124197377
1001634880252530690
1043981486494494721
1168294041420795904
1244543457647091715
1056766794558529538
1207995271675883526
1024389735815544833
1216176696539283458
1199496898253594624
1075787438830878721
1177645194306625536
1178072844523180034
1162950085136781314
1101876395695845377
1011097800485072896
1002986536701394944
1179054911541174276
1165269709593485315
1244500274431098880
1098288462116110338
1244497056581832704
1240079657980084229
1244492168942596096
1165622060284076032
1230581802777137152
1083588144937738240
1244451851891879936
1219983029243973632
1143312118059417600
1220846142570868736
1220809438338191361
1243758168192188416
1150177983480680448
1144746656019156992
1198049957497974784
1159334336312807425
1101202419281809408
1192507823311245312
1216752491972288513
1244065405062217728
1042261464533397505
1001154104884899842
1135930214826094594
1146862932883640322
1080579951244525568
1200908157800927233
1223368141096357888
1009872842433941509
1159637260691804161
1227379013812813824
1064688514065928195
1167993381026435072
1138539652783190017
1244131480621715457
1070094326305296385
1187439450202296320
1161527718279860224
1152224166948548608
1033480149461884928
1233022211918835718
1127990986884489216
1010558213547347975
1146818314007695360
1234215830105337858
1241918314676400129
1083378113197821959
1204917569112678402
1099720669569449984
1087162361323184133
1175247139913510912
1033914775506432000
1238828250463449089
1244286897549164550
1169706917545041921
1141808350658801669
1149065874411675648
1007068976386625537
1209902471952424960
1100422694204567558
1054082272029274120
1239077556428693504
1244201808186179585
1244183767046074369
1244185496277917702
1244184003462279168
1134103144496095233
1013905733597921280
1200130530039214080
1236322402763767808
1112126985260683265
1194456271853719552
1224048073204207617
1235804372790984705
1237460163189063680
1244472535879757829
1237643182168514563
1246940559006195712
1153931456902828032
1181321544796119041
1180151943957766150
1247179702198046722
1136589415374102529
1226916104678891520
1214694211972423680
1246793393809678338
1140489129383333893
1183496080241102848
1126679075303710720
1031897448862674944
1242581772279439361
1022504500303724547
1076353560726523904
1145862806190907393
1093071491082657792
1199391094817116160
1229540677249359872
1222382921031602176
1136101442622767106
1001281832388874240
1176146076715376645
1244074161422696448
1168514086663020544
1135408577978478592
1204981177679011841
1170165283148812289
1244071499675447296
1181248011105685505
1024823782882594816
1176688945901424640
1238340661541244931
1065060812233035776
1027699068687081472
1116358983315611649
1117225481013813248
1163094673298264064
1174148863931944961
1227001006069866501
1136104581446983680
1200993738144788480
1166398027315261440
1213116437818032130
1219656770332897280
1182481533447344128
1115243013842898944
1217473228475719680
1143365311669899265
1109493624553828352
1097061357999001600
1096515635272736769
1045183137913876485
1004567571008573440
1160325425236762631
1106122099582742528
1189012315166953473
1087974556189511680
1029222340872347648
1080652788743499776
1226604657730052096
1237810178940166146
1154060078665912320
1063603953357766656
1018903025811742720
1003165901510848512
1018330302635298816
1067242397392928768
1211509719371636736
1125537544580620288
1186580685282304000
1156323844208168960
1143341911505350657
1236758318514868224
1054498258012254208
1118646997991481344
1078553446112989184
1148326662582542336
1097220183582826498
1157502938870419456
1159228011419439104
1173114017864454144
1179048252676739072
1118651818249269250
1243943871521992704
1239939186419019778
1172278344924237824
1236994961171718146
1239068573722607616
1221807004135706629
1032463275995348992
1229968400862019585
1003388299111641090
1048052473276108800
1208490091779375104
1156285040831152128
1164583877035380737
1163161670925148160
1149914679860482048
1124779911539982343
1088836275325620224
1017202287788412928
1011031851597778944
1134118103279947776
1086383655159762944
1019361274453463040
1191934345919025152
1063080994251661313
1087883525230084096
1103481653425520642
1247923790580985857
1245848118610014209
1242834026228060161
1247918254082920454
1086725848965828608
1171470251046785031
1178886359244771329
1133758477627777024
1029730628173012997
1247995070265073665
1179470218353090560
1228799453466963968
1010649434412208129
1058122322496905222
1112398801850064897
1089703409588920325
1248047133510565889
1076479171898032129
1247967294380179458
1247604502045360131
1181932005870596096
1238644880202772480
1240329679858315264
1220945865558372352
1135546074951610368
1246595229219684352
