Ids ya usados:
1311002721810604033
1311011191217704960
1310939968743911432
1310707698225344512
1310806913840549889
1310950067726102528
1311011885853147138
1310943217341390854
1311007362682179588
1310964662423429120
1310903653633490945
1311039734127288320
1311037993415774208
1311030175530917889
1310943217341390854
1310963109943799809
1311039679106609158
1311006229947453442
1310943217341390854
1292784289910849536
1310903653633490945
1310937228198191112
1311039635150327808
1311000367572844544
1311011547699912706
1311011547699912706
1311011885853147138
1311039595262423040
1310756746399551491
1310962527099072525
1310943217341390854
1311006229947453442
1311039539553677314
1310669032388014080
1311004485746143232
1311021313931304960
1310939968743911432
1311011191217704960
1310985800591441921
1311011885853147138
1310939968743911432
1310806913840549889
1310903653633490945
1277481576465600518
1277481576465600518
1311039456758112256
1311009324190195713
1311012468823654405
1310782015281790979
1310982203258613764
1311006229947453442
1277481576465600518
1310999090239602689
1311033843130998785
1311008418099011585
1311008418099011585
1311019097665286145
1310640115270770690
1310684905278443526
1310938118007250946
1311029043639115776
1310866343680499712
1311006049709838337
1310939968743911432
1310938118007250946
1311011877300908038
1310939968743911432
1310756746399551491
1310939968743911432
1311039261135773697
1311039259013517313
1277481576465600518
1277481576465600518
1311024098391146496
1310988684628496387
1311039205573885954
1311021313931304960
1311011877300908038
1311006477251997696
1310730082718306304
1311011191217704960
1310334466154352641
1310939968743911432
1311039079614689287
1311000367572844544
1310988685735845888
1311039023733972995
1310959053477117954
1310964662423429120
1310998050534457344
1311011191217704960
1310806913840549889
1311007362682179588
1311006229947453442
1310676888751308802
1310784620976373761
1310826927578664960
1311011547699912706
1311008418099011585
1309559666842710016
1310938118007250946
1310939968743911432
1310991830549508096
1310866343680499712
1311006229947453442
1310939968743911432
1311009982100516864
1310866343680499712
1278492181649555456
1311038844108705795
1311038820964610051
1310783261036158977
1311002721810604033
1277481576465600518
1310894881267740672
1310995802802860034
1310901247248084992
1310939968743911432
1311011191217704960
1311033843130998785
1311038704362938378
1311033843130998785
1310858245184118785
1310939968743911432
1311011191217704960
1309744536172851200
1311034353472933890
1310866343680499712
1310962527099072525
1311028838051262464
1310988685735845888
1310746402943836161
1311038596934258690
1311011885853147138
1310939968743911432
1310756746399551491
1254183180925571077
1311009599949025280
1311011191217704960
1277481576465600518
1310939968743911432
1307903827031531522
1310958899026157569
1310939968743911432
1311035540549009408
1310939968743911432
1309205415742275585
1311025533635919876
1310988685735845888
1311011191217704960
1311011885853147138
1309967776291983360
1311021313931304960
1310872752329457665
1310939968743911432
1311029657228267520
1310996041311883264
1310961647998177283
1310939968743911432
1311019292255825922
1246640778249744386
1310962100370575360
1311006229947453442
1311021313931304960
1310939968743911432
1310941586881155072
1311035593133117441
1277481576465600518
1310783407308312576
1311038236953903106
1311011191217704960
1310745386622095367
1310903653633490945
1311002721810604033
1310938118007250946
1310988685735845888
1310938118007250946
1310584269996257282
1311011885853147138
1310866343680499712
1310939968743911432
1311038144591077385
1310937222531690496
1310939968743911432
1310962527099072525
1310939968743911432
1310991830549508096
1310756746399551491
1292784289910849536
1310939968743911432
1311011191217704960
1310866343680499712
1310939968743911432
1278492181649555456
1310941586881155072
1309967776291983360
1301623547719290881
1311037606105419783
1311021313931304960
1311037917884801027
1310939968743911432
1311037891859054592
1310991830549508096
1311037883889967105
1311007362682179588
1311034065135513602
1311028838051262464
1310939968743911432
1310995270029783042
1311011191217704960
1310782015281790979
1310988684628496387
1311011191217704960
1310938118007250946
1311034065135513602
1311030175530917889
1310774897128472576
1311034065135513602
1311163175128240128
1311163175128240128
1311163506193031168
1311163175128240128
1311163506193031168
1309548767994155008
1305361218744586242
1311163506193031168
1311144366304567303
1311303090965012485
1311163506193031168
1311144366304567303
1311303090965012485
1311163506193031168
1311144366304567303
1311303090965012485
1311163506193031168
1311144366304567303
1311303090965012485
1311163506193031168
1311144366304567303
1311303090965012485
1311163506193031168
1311144366304567303
1311303090965012485
1307854985976307712
1311163506193031168
1311144366304567303
1307854985976307712
1311163506193031168
1311144366304567303
1307854985976307712
1311163506193031168
